srn,min,max,count,duration
1,15,499978,23661,499963
2,500010,999993,23670,499983
3,1000006,1499984,23681,499978
4,1500042,1999972,24096,499930
5,2000017,2499952,23677,499935
6,2500054,2999980,23603,499926
7,3000013,3499995,23697,499982
8,3500027,3999987,23750,499960
9,4000007,4499994,23402,499987
10,4500007,4999986,23927,499979
11,5000006,5499968,23927,499962
12,5500005,5999994,23753,499989
13,6000002,6499983,23531,499981
14,6500009,6999966,23964,499957
15,7000002,7499959,23855,499957
16,7500004,7999934,23507,499930
17,8000011,8499976,23973,499965
18,8500005,8999992,23577,499987
19,9000021,9499981,23734,499960
20,9500010,9999977,23881,499967
21,10000058,10499982,23588,499924
22,10500047,10999987,23814,499940
23,11000005,11499986,23819,499981
24,11500015,11999957,24071,499942
25,12000004,12499974,23588,499970
26,12500019,12999975,24087,499956
27,13000047,13499994,23598,499947
28,13500017,13999975,23905,499958
29,14000006,14499978,23847,499972
30,14500002,14999947,23665,499945
31,15000011,15499989,23527,499978
32,15500014,15999970,23547,499956
33,16000001,16499975,23849,499974
34,16500002,16999992,23874,499990
35,17000078,17499996,23686,499918
36,17500002,17999982,23829,499980
37,18000004,18499991,23660,499987
38,18500011,18999988,23772,499977
39,19000003,19499978,23775,499975
40,19500023,19999986,23618,499963
41,20000003,20499958,23893,499955
42,20500000,20999995,23770,499995
43,21000098,21499971,23855,499873
44,21500029,21999980,24008,499951
45,22000059,22499995,23571,499936
46,22500027,22999986,23896,499959
47,23000022,23499914,23630,499892
48,23500027,23999996,23886,499969
49,24000005,24499976,23886,499971
50,24500058,24999988,23824,499930
51,25000019,25499988,23948,499969
52,25500024,25999996,23723,499972
53,26000026,26499996,23768,499970
54,26500002,26999994,23683,499992
55,27000008,27499994,24036,499986
56,27500005,27999992,23472,499987
57,28000027,28499961,23811,499934
58,28500002,28999995,23757,499993
59,29000026,29499965,23549,499939
60,29500003,29999998,23514,499995
61,30000012,30499977,23625,499965
62,30500014,30999975,23793,499961
63,31000032,31499994,23656,499962
64,31500000,31999963,23693,499963
65,32000000,32499970,23682,499970
66,32500004,32999997,23720,499993
67,33000013,33499982,23781,499969
68,33500051,33999973,23627,499922
69,34000002,34499982,23656,499980
70,34500038,34999990,23975,499952
71,35000000,35499971,23844,499971
72,35500000,35999992,23569,499992
73,36000006,36499991,23828,499985
74,36500028,36999993,23633,499965
75,37000001,37499886,23790,499885
76,37500059,37999990,23627,499931
77,38000026,38499963,23727,499937
78,38500035,38999993,23458,499958
79,39000038,39499951,23813,499913
80,39500000,39999960,23648,499960
81,40000051,40499977,23577,499926
82,40500032,40999963,23528,499931
83,41000023,41499973,23433,499950
84,41500016,41999997,23874,499981
85,42000003,42499992,23597,499989
86,42500000,42999997,23765,499997
87,43000040,43499993,23657,499953
88,43500021,43999986,23701,499965
89,44000001,44499973,23575,499972
90,44500065,44999991,23580,499926
91,45000001,45499975,23415,499974
92,45500004,45999891,23601,499887
93,46000007,46499994,23615,499987
94,46500019,46999992,23603,499973
95,47000033,47499985,23893,499952
96,47500016,47999993,23604,499977
97,48000017,48499995,23666,499978
98,48500013,48999994,23621,499981
99,49000002,49499979,23322,499977
100,49500017,49999996,23445,499979
101,50000001,50499995,23651,499994
102,50500017,50999984,23737,499967
103,51000011,51499985,23885,499974
104,51500001,51999964,23548,499963
105,52000020,52499995,23849,499975
106,52500009,52999987,23814,499978
107,53000007,53499976,23603,499969
108,53500020,53999980,23627,499960
109,54000000,54499999,23605,499999
110,54500053,54999989,23861,499936
111,55000029,55499984,23280,499955
112,55500065,55999984,23333,499919
113,56000001,56499994,23651,499993
114,56500030,56999986,23613,499956
115,57000015,57499995,23459,499980
116,57500054,57999994,23580,499940
117,58000074,58499996,23840,499922
118,58500005,58999967,23587,499962
119,59000009,59499971,23226,499962
120,59500002,59999996,23596,499994
121,60000024,60499944,23657,499920
122,60500017,60999957,23519,499940
123,61000064,61499982,23731,499918
124,61500004,61999960,23957,499956
125,62000059,62499999,23724,499940
126,62500005,62999985,23647,499980
127,63000009,63499990,23875,499981
128,63500053,63999981,23627,499928
129,64000006,64499981,23549,499975
130,64500001,64999989,23396,499988
131,65000003,65499988,23559,499985
132,65500012,65999957,23315,499945
133,66000007,66499995,23697,499988
134,66500020,66999982,23698,499962
135,67000003,67499990,23597,499987
136,67500015,67999951,23622,499936
137,68000048,68499991,23611,499943
138,68500017,68999996,23345,499979
139,69000031,69499993,23637,499962
140,69500005,69999963,23413,499958
141,70000024,70499992,23637,499968
142,70500056,70999996,23332,499940
143,71000011,71499998,23650,499987
144,71500001,71999965,23779,499964
145,72000002,72499930,23735,499928
146,72500032,72999991,23565,499959
147,73000010,73499993,23548,499983
148,73500055,73999996,23686,499941
149,74000004,74499997,23489,499993
150,74500000,74999969,23438,499969
151,75000038,75499972,23533,499934
152,75500034,75999985,23386,499951
153,76000002,76499985,23174,499983
154,76500021,76999995,23448,499974
155,77000044,77499996,23456,499952
156,77500007,77999983,23290,499976
157,78000009,78499981,23404,499972
158,78500004,78999980,23521,499976
159,79000019,79499970,23640,499951
160,79500008,79999996,23244,499988
161,80000011,80499992,23635,499981
162,80500041,80999990,23696,499949
163,81000019,81499989,23559,499970
164,81500007,81999994,23560,499987
165,82000017,82499985,23205,499968
166,82500008,82999871,23414,499863
167,83000043,83499986,23479,499943
168,83500012,83999994,23534,499982
169,84000059,84499981,23328,499922
170,84500039,84999986,23790,499947
171,85000010,85499993,23611,499983
172,85500042,85999988,23411,499946
173,86000018,86499987,23677,499969
174,86500000,86999947,23527,499947
175,87000000,87499985,23668,499985
176,87500000,87999995,23632,499995
177,88000001,88499991,23891,499990
178,88500006,88999987,23397,499981
179,89000005,89499988,23569,499983
180,89500004,89999997,23364,499993
181,90000107,90499979,23640,499872
182,90500004,90999979,23501,499975
183,91000029,91499997,23530,499968
184,91500013,91999959,23563,499946
185,92000055,92499999,23369,499944
186,92500007,92999998,23651,499991
187,93000018,93499997,23573,499979
188,93500025,93999934,23436,499909
189,94000017,94499968,23510,499951
190,94500000,94999991,23343,499991
191,95000005,95499995,23596,499990
192,95500011,95999979,23648,499968
193,96000013,96499977,23396,499964
194,96500017,96999993,23552,499976
195,97000010,97499993,23557,499983
196,97500123,97999978,23605,499855
197,98000007,98499974,23570,499967
198,98500001,98999989,23347,499988
199,99000013,99499992,23487,499979
200,99500013,99999986,23382,499973
201,100000050,100499966,23640,499916
202,100500000,100999992,24585,499992
203,101000116,101499974,23812,499858
204,101500022,101999991,23488,499969
205,102000005,102499994,23955,499989
206,102500032,102999966,24027,499934
207,103000013,103499968,24236,499955
208,103500006,103999998,24042,499992
209,104000030,104499973,24320,499943
210,104500012,104999954,24138,499942
211,105000003,105499967,23962,499964
212,105500004,105999997,24885,499993
213,106000015,106499917,24257,499902
214,106500032,106999963,23991,499931
215,107000005,107499969,23880,499964
216,107500000,107999999,23857,499999
217,108000014,108499996,23851,499982
218,108500006,108999973,23839,499967
219,109000009,109499950,23881,499941
220,109500029,109999971,24096,499942
221,110000047,110499977,23992,499930
222,110500003,110999997,23948,499994
223,111000014,111499968,23650,499954
224,111500055,111999958,23340,499903
225,112000000,112499986,23651,499986
226,112500000,112999999,23758,499999
227,113000032,113499989,23836,499957
228,113500001,113999992,23901,499991
229,114000025,114499986,23767,499961
230,114500005,114999970,23991,499965
231,115000084,115499995,23769,499911
232,115500031,115999999,23834,499968
233,116000067,116499986,23656,499919
234,116500006,116999991,23635,499985
235,117000051,117499958,23771,499907
236,117500001,117999946,23631,499945
237,118000001,118499986,23557,499985
238,118500011,118999969,23539,499958
239,119000019,119499967,23704,499948
240,119500002,119999989,23733,499987
241,120000049,120499997,23593,499948
242,120500074,120999998,23621,499924
243,121000001,121499977,23668,499976
244,121500024,121999989,23600,499965
245,122000020,122499989,23618,499969
246,122500040,122999974,23580,499934
247,123000022,123499960,23614,499938
248,123500057,123999986,23485,499929
249,124000014,124499997,23647,499983
250,124500024,124999991,23489,499967
251,125000037,125499919,23698,499882
252,125500003,125999997,23759,499994
253,126000057,126499983,23758,499926
254,126500049,126999976,23602,499927
255,127000007,127499937,23484,499930
256,127500012,127999989,23604,499977
257,128000020,128499994,23392,499974
258,128500029,128999896,23594,499867
259,129000006,129499924,23583,499918
260,129500011,129999999,23507,499988
261,130000014,130499976,23941,499962
262,130500004,130999958,23636,499954
263,131000009,131499989,23825,499980
264,131500001,131999954,23676,499953
265,132000039,132499996,23789,499957
266,132500004,132999953,23587,499949
267,133000024,133499976,23822,499952
268,133500038,133999982,23768,499944
269,134000009,134499981,23624,499972
270,134500012,134999993,23441,499981
271,135000005,135499946,23602,499941
272,135500010,135999990,23529,499980
273,136000044,136499989,23364,499945
274,136500000,136999975,23671,499975
275,137000000,137499930,23253,499930
276,137500071,137999981,23568,499910
277,138000000,138499999,23514,499999
278,138500013,138999962,23491,499949
279,139000030,139499970,23485,499940
280,139500032,139999999,23903,499967
281,140000003,140499988,23564,499985
282,140500001,140999990,23609,499989
283,141000003,141499996,23686,499993
284,141500024,141999997,23440,499973
285,142000047,142499984,23477,499937
286,142500002,142999999,23506,499997
287,143000008,143499989,23349,499981
288,143500000,143999992,23242,499992
289,144000000,144499999,23279,499999
290,144500008,144999978,23438,499970
291,145000033,145499999,23360,499966
292,145500010,145999976,23356,499966
293,146000009,146499993,23396,499984
294,146500004,146999995,23621,499991
295,147000006,147499984,23239,499978
296,147500008,147999980,23365,499972
297,148000016,148499968,23356,499952
298,148500004,148999999,23083,499995
299,149000055,149499954,23370,499899
300,149500010,149999997,23326,499987
301,150000000,150499992,23303,499992
302,150500001,150999994,23356,499993
303,151000005,151499958,23769,499953
304,151500003,151999994,23285,499991
305,152000013,152499963,23110,499950
306,152500006,152999998,23256,499992
307,153000046,153499979,23477,499933
308,153500024,153999984,23554,499960
309,154000014,154499929,23468,499915
310,154500018,154999992,23251,499974
311,155000006,155499957,23447,499951
312,155500005,155999981,23342,499976
313,156000008,156499979,23444,499971
314,156500003,156999983,23526,499980
315,157000026,157499988,23160,499962
316,157500019,157999985,23477,499966
317,158000001,158499993,23183,499992
318,158500019,158999952,23194,499933
319,159000031,159499986,23311,499955
320,159500001,159999959,23427,499958
321,160000020,160499995,23398,499975
322,160500022,160999953,23302,499931
323,161000012,161499975,23394,499963
324,161500030,161999997,23294,499967
325,162000017,162499970,23209,499953
326,162500003,162999993,23646,499990
327,163000004,163499973,23545,499969
328,163500000,163999995,23455,499995
329,164000024,164499967,23127,499943
330,164500006,164999973,23426,499967
331,165000038,165499978,23422,499940
332,165500010,165999989,23532,499979
333,166000006,166499946,23481,499940
334,166500001,166999926,23148,499925
335,167000007,167499990,23298,499983
336,167500103,167999980,23280,499877
337,168000008,168499982,23132,499974
338,168500019,168999986,23351,499967
339,169000036,169499981,23352,499945
340,169500077,169999982,23629,499905
341,170000025,170499999,23419,499974
342,170500056,170999999,23431,499943
343,171000020,171499899,23278,499879
344,171500020,171999998,23193,499978
345,172000008,172499977,23200,499969
346,172500032,172999998,23356,499966
347,173000011,173499995,23254,499984
348,173500030,173999966,23404,499936
349,174000004,174499996,23396,499992
350,174500008,174999960,23388,499952
351,175000025,175499984,23536,499959
352,175500003,175999997,23343,499994
353,176000031,176499987,23333,499956
354,176500023,176999946,23337,499923
355,177000019,177499948,23663,499929
356,177500045,177999993,23277,499948
357,178000012,178499994,23239,499982
358,178500023,178999998,23499,499975
359,179000027,179499998,23211,499971
360,179500035,179999930,23251,499895
361,180000000,180499982,23452,499982
362,180500039,180999993,23359,499954
363,181000017,181499998,23372,499981
364,181500011,181999979,23447,499968
365,182000030,182499957,23318,499927
366,182500022,182999998,23446,499976
367,183000011,183499966,23198,499955
368,183500023,183999984,23434,499961
369,184000045,184499975,23211,499930
370,184500040,184999977,23535,499937
371,185000001,185499985,23438,499984
372,185500020,185999994,23718,499974
373,186000004,186499998,23333,499994
374,186500034,186999995,23146,499961
375,187000057,187499903,23441,499846
376,187500033,187999991,23756,499958
377,188000007,188499995,23293,499988
378,188500004,188999986,23424,499982
379,189000001,189499995,23475,499994
380,189500022,189999993,23357,499971
381,190000058,190499975,23404,499917
382,190500010,190999998,23301,499988
383,191000003,191499992,23473,499989
384,191500015,191999980,23266,499965
385,192000037,192499996,23231,499959
386,192500000,192999946,23602,499946
387,193000022,193499989,23475,499967
388,193500017,193999997,23213,499980
389,194000000,194499974,23414,499974
390,194500018,194999990,23213,499972
391,195000038,195499975,23440,499937
392,195500003,195999990,23425,499987
393,196000004,196499996,23511,499992
394,196500004,196999992,23243,499988
395,197000066,197499986,23636,499920
396,197500007,197999995,23361,499988
397,198000004,198499995,23442,499991
398,198500013,198999986,23587,499973
399,199000002,199499992,23248,499990
400,199500006,199999980,23555,499974
401,200000053,200499972,23315,499919
402,200500002,200999994,23078,499992
403,201000066,201499990,23212,499924
404,201500010,201999980,23363,499970
405,202000001,202499956,23466,499955
406,202500010,202999982,23565,499972
407,203000011,203499966,23562,499955
408,203500062,203999976,23493,499914
409,204000011,204499989,23418,499978
410,204500017,204999968,23516,499951
411,205000000,205499990,23408,499990
412,205500017,205999967,23434,499950
413,206000015,206499941,23709,499926
414,206500011,206999987,23477,499976
415,207000002,207499929,23550,499927
416,207500013,207999964,23351,499951
417,208000002,208499989,23278,499987
418,208500014,208999990,23439,499976
419,209000011,209499978,23556,499967
420,209500012,209999982,23549,499970
421,210000015,210499936,23648,499921
422,210500014,210999998,23307,499984
423,211000024,211499938,23398,499914
424,211500103,211999979,23433,499876
425,212000012,212499986,23415,499974
426,212500005,212999956,23248,499951
427,213000003,213499996,23583,499993
428,213500018,213999989,23387,499971
429,214000031,214499998,23361,499967
430,214500035,214999980,23644,499945
431,215000024,215499995,23473,499971
432,215500006,215999976,23575,499970
433,216000002,216499983,23480,499981
434,216500001,216999956,23176,499955
435,217000040,217499963,23195,499923
436,217500024,217999990,23387,499966
437,218000011,218499993,23435,499982
438,218500004,218999999,23262,499995
439,219000011,219499982,23565,499971
440,219500031,219999994,23567,499963
441,220000004,220499977,23501,499973
442,220500022,220999937,23350,499915
443,221000003,221499987,23454,499984
444,221500027,221999983,23422,499956
445,222000014,222499970,23134,499956
446,222500008,222999974,23184,499966
447,223000018,223499961,23069,499943
448,223500019,223999995,23448,499976
449,224000020,224499970,23318,499950
450,224500004,224999972,23328,499968
455,227011531,230596928,420,3585397
